1000
1737
68 800
816 448
550 845
800 560
837 828
500 948
48 577
358 140
835 212
815 672
801 220
232 568
280 94
992 200
212 44
552 230
695 860
224 562
967 939
559 444
149 69
835 632
338 271
551 250
241 652
895 580
600 637
850 136
740 616
470 727
580 225
35 200
575 755
800 277
545 192
250 426
495 844
947 90
160 250
28 60
36 486
800 995
188 672
452 792
45 402
574 184
643 820
904 190
806 912
160 356
140 616
901 548
220 300
495 448
320 672
491 378
664 360
109 577
520 828
50 146
920 140
802 49
518 228
937 960
0 8
352 889
281 60
538 576
680 312
792 246
316 224
846 415
235 648
339 306
300 148
935 328
282 850
860 542
295 284
52 820
476 778
902 848
788 4
736 46
385 916
380 314
8 854
306 627
0 605
880 582
0 202
100 792
947 75
733 801
230 444
40 632
36 704
64 488
524 959
560 585
24 540
409 332
900 960
246 382
508 32
512 794
200 174
700 838
432 16
32 520
923 730
672 352
660 719
925 8
330 800
300 60
500 515
290 680
943 215
284 740
50 535
772 100
118 821
340 74
204 600
658 675
445 970
220 338
177 967
157 592
600 149
730 784
125 930
103 886
483 84
596 801
760 360
495 20
380 13
650 130
436 816
862 844
963 500
171 160
725 510
479 280
168 460
20 276
669 719
365 232
425 716
521 612
602 992
435 125
256 327
322 734
161 250
420 602
504 370
319 165
325 80
360 980
187 112
524 910
286 650
220 316
320 386
922 986
600 198
760 936
850 338
540 320
992 63
882 718
388 374
72 234
802 658
955 535
520 480
672 349
476 532
500 640
814 565
912 525
962 160
581 243
364 175
867 56
636 105
56 640
500 499
762 672
592 549
510 240
930 904
300 925
658 492
342 380
44 134
222 390
90 388
339 906
160 598
392 70
584 710
44 199
850 383
975 475
575 98
604 857
634 264
897 250
425 826
105 728
572 466
474 770
96 717
456 832
712 576
620 225
720 633
988 870
374 27
894 233
910 160
546 439
236 430
952 255
526 272
22 250
741 195
918 100
880 600
720 440
545 563
50 14
343 50
176 726
210 489
502 420
705 832
728 910
278 653
591 722
524 600
38 272
870 0
545 690
37 171
968 165
801 818
586 607
515 306
890 576
570 175
400 276
191 512
100 708
804 998
250 715
168 581
260 496
457 846
50 511
500 372
264 684
651 250
395 750
745 980
558 21
214 504
610 128
694 866
616 346
324 949
504 899
766 128
118 306
464 280
360 56
783 380
359 438
504 560
257 552
208 106
476 840
514 195
170 804
350 559
209 643
440 650
646 148
732 507
944 910
372 548
147 514
836 262
200 904
160 600
800 869
194 132
840 200
516 128
404 621
308 430
150 406
980 617
986 312
68 513
384 240
263 171
318 452
635 960
77 866
765 345
856 280
778 12
618 968
670 160
880 215
410 732
300 390
743 10
155 566
572 462
696 0
928 469
614 805
288 112
260 897
672 520
986 125
720 818
93 998
60 250
508 142
650 388
644 350
728 257
144 16
904 62
220 544
960 600
435 166
773 805
824 17
632 984
834 697
407 56
400 40
940 195
977 308
772 106
568 396
784 985
468 720
800 33
322 488
68 600
768 915
490 312
360 260
552 132
15 665
144 275
892 200
410 390
390 116
823 555
516 636
244 650
506 740
60 840
768 584
204 930
923 760
280 815
860 451
444 303
344 931
992 551
750 991
344 428
971 927
772 555
309 888
820 75
991 904
830 102
320 919
404 780
192 300
732 304
812 170
92 208
580 385
860 141
264 388
972 289
644 820
540 720
363 734
142 510
472 440
998 392
20 482
208 956
862 520
556 272
675 144
615 680
220 700
830 394
935 648
512 908
32 419
564 552
540 218
625 236
908 552
818 744
149 389
170 680
640 910
833 70
832 935
603 340
113 389
174 470
802 812
157 251
644 291
421 420
870 664
172 496
840 378
796 756
540 988
704 568
500 280
748 40
637 905
286 588
600 384
885 628
575 250
928 620
620 950
710 973
252 836
489 702
240 502
990 210
351 864
975 40
293 999
558 52
160 59
750 313
607 530
562 384
595 256
236 320
500 20
640 184
273 500
700 0
659 25
288 264
552 400
256 660
936 639
534 677
912 0
115 648
880 294
296 900
730 651
145 52
434 12
747 830
587 102
282 850
350 187
546 255
552 108
440 292
920 761
573 280
180 380
906 352
410 881
758 0
666 579
65 208
980 876
328 880
990 643
282 431
105 680
530 380
954 432
724 876
688 650
448 459
880 644
162 240
762 606
383 140
612 933
943 713
506 992
856 688
188 679
760 688
500 956
764 440
436 675
624 36
486 722
156 772
784 768
384 590
182 190
153 300
817 390
690 265
300 486
292 304
112 69
400 480
588 135
870 85
480 458
610 704
690 566
840 476
455 108
879 200
40 656
870 571
225 365
412 344
550 12
144 643
841 736
223 803
365 925
536 608
954 870
145 400
510 135
172 430
525 637
114 179
575 565
588 520
291 754
64 562
744 552
420 116
360 0
744 807
299 102
498 400
72 704
710 610
525 357
577 712
69 347
696 480
383 56
600 950
196 710
480 357
670 149
46 80
870 975
12 113
21 288
368 550
225 576
749 960
128 6
567 304
116 800
224 554
380 86
302 988
704 137
562 250
854 176
236 710
60 400
878 20
948 502
904 426
220 840
349 485
192 937
980 605
952 680
238 636
322 232
654 231
880 42
225 330
384 846
497 636
648 224
88 224
249 270
212 472
240 376
990 743
896 690
706 456
17 824
896 370
765 369
114 688
4 132
144 814
494 513
464 607
730 54
742 783
456 460
979 991
795 932
632 776
420 508
395 447
270 834
588 692
708 280
256 512
448 60
26 81
872 218
606 623
450 250
440 300
400 865
410 412
708 552
640 689
756 423
799 480
140 560
296 896
835 18
96 100
108 906
614 52
306 130
0 10
31 680
354 976
250 624
398 851
554 764
452 163
327 920
441 64
322 800
174 376
377 763
688 60
992 956
144 40
688 806
970 616
960 925
314 462
774 396
830 440
212 384
600 545
498 845
302 30
405 510
501 638
424 786
860 348
697 262
208 600
803 838
136 270
448 440
444 142
554 724
895 427
486 265
662 700
667 203
496 712
132 378
216 40
122 37
573 593
960 688
660 302
968 600
167 205
450 625
459 600
208 835
274 858
512 537
820 724
800 128
500 92
504 521
847 158
590 834
520 612
500 588
408 500
458 360
795 350
944 792
800 872
756 294
400 400
569 960
70 824
781 492
100 725
714 388
370 76
640 0
536 361
412 564
700 90
995 888
664 972
959 889
240 794
700 840
310 760
49 71
988 880
103 307
220 64
977 624
506 688
127 860
544 149
355 380
984 288
515 658
36 344
272 844
636 232
104 177
611 482
772 516
891 270
218 692
922 211
248 795
950 318
152 580
723 808
232 678
80 832
445 264
187 440
715 917
330 56
280 600
376 565
382 316
387 672
328 512
942 684
856 44
793 150
320 998
265 910
528 970
312 32
182 68
676 478
874 164
442 192
923 860
438 652
325 916
785 201
632 116
603 652
992 512
790 483
454 143
380 240
632 552
851 80
800 710
340 151
342 390
361 988
576 712
888 919
848 752
440 610
820 10
934 694
245 179
112 678
97 970
472 310
298 103
800 186
547 794
32 170
745 239
860 106
389 594
87 745
494 144
984 320
296 902
612 200
402 540
16 40
1 757
548 322
160 879
721 812
908 782
800 340
888 760
617 43
200 760
435 800
798 537
744 156
454 330
812 568
116 775
548 233
695 495
662 16
840 384
12 564
728 422
425 856
220 145
290 48
312 443
616 0
812 440
390 643
278 355
40 677
564 712
544 361
476 720
912 200
755 664
884 72
15 345
140 646
160 270
568 304
458 380
825 864
827 115
245 486
764 689
822 320
585 750
539 714
58 960
280 727
822 702
230 126
275 860
620 635
603 216
509 620
700 600
195 440
824 696
892 354
313 486
384 911
650 700
910 168
192 904
648 251
575 504
958 324
550 304
300 651
264 656
496 128
280 800
136 120
373 568
529 200
345 296
608 920
801 26
790 540
706 467
236 725
232 54
380 900
488 976
515 708
348 620
56 424
736 330
214 192
416 950
636 994
400 355
772 520
478 0
496 752
71 843
202 0
810 455
578 576
940 470
268 520
590 55
275 822
840 631
50 98
480 752
428 695
15 460
940 62
765 736
380 767
535 984
755 300
596 200
512 552
54 589
125 200
716 570
784 826
160 416
399 512
464 180
35 759
550 640
475 456
48 955
126 544
555 120
813 600
346 402
312 680
12 524
840 733
721 220
782 618
0 423
104 980
643 800
604 872
512 660
652 316
197 52
720 256
880 407
268 402
56 700
169 445
900 639
50 420
978 670
706 995
25 584
368 210
342 640
814 333
35 462
820 381
686 528
230 487
616 770
637 56
789 385
270 949
396 102
72 498
222 891
980 98
652 185
34 739
300 84
444 84
154 590
381 584
721 950
952 60
165 194
626 692
608 562
230 267
440 340
450 880
88 856
263 128
619 838
163 738
280 188
286 761
880 9
646 19
252 570
104 622
252 970
568 310
130 780
856 800
512 803
416 136
78 802
814 301
880 98
502 700
424 522
148 337
718 664
962 276
737 154
599 938
323 779
370 554
312 472
621 960
596 440
605 740
312 238
470 759
276 142
655 61
220 750
114 867
625 228
352 12
612 816
226 805
425 718
800 615
456 270
680 385
549 575
853 867
624 592
976 800
40 0
664 800
520 546
786 376
784 53
257 718
765 744
260 728
104 260
792 542
660 291
672 160
70 900
775 576
385 772
585 0
468 621
103 780
438 943
656 598
660 590
849 616
934 612
213 174
876 850
248 416
56 768
635 744
167 848
816 40
52 616
56 640
152 997
938 900
440 786
255 370
909 696
128 240
725 20
40 362
562 199
44 129
362 666
473 722
361 80
716 746
527 150
216 646
130 631
495 600
460 512
220 232
88 720
423 525
0 408
388 904
568 896
540 691
920 876
880 210
20 651
17 32
5 668
810 115
886 772
900 954
124 630
536 444
606 80
838 256
913 778
609 664
608 450
870 696
108 388
804 380
192 252
265 175
352 782
890 832
144 30
875 507
160 491
650 595
416 488
320 759
502 164
985 549
488 144
810 200
466 512
88 752
500 162
636 935
352 756
949 37
51 814
396 15
256 216
932 636
618 48
995 240
337 733
836 325
988 875
180 992
352 645
206 870
477 66
72 30
710 133
894 134
300 860
255 7
350 43
520 448
318 820
633 768
220 400
342 299
560 344
847 990
604 348
45 336
284 40
776 8
120 380
468 630
96 856
750 478
767 352
385 0
552 198
988 127
420 244
495 12
825 764
655 606
584 110
528 228
265 848
370 330
560 624
375 950
820 820
607 519
391 423
200 733
877 152
784 224
176 720
308 459
633 20
670 241
482 889
935 200
42 61
683 237
25 451
94 18
239 60
156 424
33 652
197 100
500 354
75 180
77 658
21 776
375 148
182 2
973 560
34 200
33 280
652 554
192 136
806 985
103 366
559 494
732 2
117 808
520 670
252 933
642 60
175 385
72 902
421 969
704 424
412 442
788 516
504 104
184 544
751 640
400 222
750 992
720 752
711 463
948 0
468 167
894 223
880 655
250 962
185 965
302 720
663 505
13 545
98 424
362 447
501 125
545 703
67 452
798 755
904 622
188 540
412 907
98 960
434 236
30 246
702 926
630 839
440 11
870 65
78 728
556 475
0 380
494 792
834 85
875 912
636 628
402 168
564 844
65 468
348 740
670 920
408 152
222 508
490 904
670 579
220 850
310 544
520 725
544 556
679 336
584 724
902 380
324 223
572 60
816 20
467 88
747 989
672 0
767 316
646 591
42 884
876 655
891 0
242 624
317 480
380 947
524 508
720 554
168 448
768 575
156 530
352 350
18 932
136 272
880 574
239 334
910 422
382 678
668 344
240 926
400 925
15 185
104 623
340 340
500 510
344 328
172 242
958 281
455 615
158 799
735 386
260 303
688 352
30 356
780 446
0 584
62 302
30 698
920 771
868 517
210 166
94 920
565 968
130 620
4 880
482 244
31 538
470 536
874 500
0 860
179 710
558 929
56 650
655 650
401 482
236 816
965 456
400 789
620 272
207 68
990 48
160 448
670 419
276 599
192 24
568 906
573 425
760 201
369 163
912 94
384 865
452 502
379 720
80 975
206 504
130 834
53 236
800 11
508 543
959 656
372 946
428 387
878 656
752 728
440 398
787 200
362 718
263 660
290 153
557 735
492 128
0 771
0 256
12 103
108 884
205 990
624 640
704 363
266 373
100 676
770 287
144 96
990 960
59 782
870 648
696 400
460 872
756 572
371 976
670 165
521 800
175 588
874 888
982 153
837 756
290 892
845 499
375 400
998 876
25 114
160 165
424 360
350 400
808 770
329 925
947 902
729 125
800 175
331 32
804 792
200 837
168 210
932 581
722 700
676 288
360 360
702 324
980 855
764 184
845 496
584 656
211 258
615 296
231 575
600 674
678 940
466 650
313 334
0 100
800 720
288 378
690 720
840 72
775 176
50 340
700 270
510 715
96 132
436 750
132 174
689 148
294 764
774 705
158 0
222 800
248 22
924 287
700 530
380 792
648 36
544 298
131 844
54 320
405 900
854 185
651 84
782 970
952 736
0 406
664 200
370 416
655 800
710 194
360 600
714 40
269 517
502 468
316 80
240 948
770 620
788 142
460 628
640 921
506 550
170 200
493 640
938 800
858 455
443 820
773 950
922 528
346 615
806 680
360 228
768 260
102 64
610 248
708 496
976 250
440 936
565 264
874 891
82 576
220 696
352 370
570 56
73 983
368 875
70 668
288 925
576 216
220 568
832 188
748 906
660 300
945 200
162 752
333 60
16 514
566 392
312 992
350 248
305 56
520 740
816 989
880 560
888 620
206 680
302 432
820 993
215 88
188 600
824 436
114 746
358 200
375 389
692 597
200 772
491 954
450 500
540 328
232 300
530 746
272 163
300 780
924 620
439 941
245 603
383 260
890 527
843 580
768 616
693 26
775 130
118 672
553 959
284 68
822 687
25 520
300 700
441 632
630 971
440 341
660 740
682 243
634 939
709 86
428 600
776 318
959 740
495 500
742 744
824 400
890 222
545 372
999 368
440 184
532 461
489 880
878 472
751 440
648 865
960 748
354 666
195 48
824 928
322 850
58 336
592 172
464 204
895 776
392 321
338 904
440 860
379 439
63 795
903 665
967 642
792 552
711 582
648 425
436 925
540 800
16 565
144 584
648 622
620 260
222 871
652 376
130 956
758 800
960 748
768 671
43 984
248 716
892 572
140 128
660 580
260 500
181 263
190 883
815 712
130 852
326 616
967 518
124 692
44 256
697 783
784 900
477 86
96 641
352 975
425 556
240 248
760 42
620 15
936 328
624 144
780 370
860 70
336 333
394 393
428 735
179 970
592 928
146 856
438 328
484 443
978 605
484 457
160 454
752 320
240 747
505 380
714 80
368 604
196 127
600 394
412 620
946 497
54 800
556 750
627 15
0 20
504 485
772 223
345 123
808 184
138 3
256 80
55 160
135 160
200 762
966 330
770 907
896 144
64 916
352 760
796 869
528 340
844 207
338 936
752 400
900 887
716 476
856 676
442 536
298 288
600 842
525 890
410 252
236 30
540 328
816 152
382 306
760 195
692 990
536 480
100 432
692 712
902 154
410 80
563 956
616 641
424 271
256 988
640 159
700 606
928 194
772 366
690 224
945 510
208 932
871 606
660 875
359 228
